Demographic_ID,District,Population,Area_sq_km,Population_Density,Literacy_Rate,Sex_Ratio,Urban_Population,Rural_Population,Growth_Rate
D1,Ariyalur,754894,1949,387,71.3,1016,230000,524894,8.2
D2,Chengalpattu,2556244,2945,868,84.7,987,1800000,756244,18.1
D3,Chennai,4646732,175,26553,90.2,989,4646732,0,7.2
D4,Coimbatore,3458045,4723,732,84.0,1000,2600000,858045,15.1
D5,Cuddalore,2605914,3703,704,79.0,987,1100000,1505914,10.5
D6,Dharmapuri,1506843,4497,335,68.5,946,450000,1056843,6.8
D7,Dindigul,2161367,6058,357,76.3,998,780000,1381367,9.4
D8,Erode,2251744,5722,394,72.6,993,980000,1271744,8.9
D9,Kallakurichi,1370281,3520,389,73.2,1004,380000,990281,7.5
D10,Kancheepuram,1166401,1656,704,85.3,986,760000,406401,12.3
D11,Kanniyakumari,1870374,1672,1119,91.8,1019,900000,970374,5.9
D12,Karur,1064493,2895,368,75.6,1015,420000,644493,6.7
D13,Krishnagiri,1879809,5143,365,72.4,958,620000,1259809,9.8
D14,Madurai,3038252,3741,812,83.5,990,1800000,1238252,11.2
D15,Mayiladuthurai,918356,1237,742,81.2,1022,390000,528356,6.3
D16,Nagapattinam,1616450,2715,595,83.6,1025,620000,996450,5.8
D17,Namakkal,1726601,3429,504,74.6,986,680000,1046601,8.7
D18,Nilgiris,735394,2549,288,85.2,1042,390000,345394,4.6
D19,Perambalur,565223,1752,323,74.3,1006,170000,395223,6.1
D20,Pudukkottai,1618345,4663,347,77.2,1015,510000,1108345,7.8
D21,Ramanathapuram,1353445,4235,320,80.7,983,420000,933445,6.4
D22,Ranipet,1210277,2234,542,81.8,1001,690000,520277,9.7
D23,Salem,3482056,5205,669,72.9,954,1700000,1782056,11.8
D24,Sivaganga,1339101,4233,316,80.2,1003,410000,929101,5.9
D25,Tenkasi,1407627,2916,483,79.1,1007,450000,957627,7.1
D26,Thanjavur,2405890,3411,705,82.7,1035,1050000,1355890,7.4
D27,Theni,1245899,3066,406,77.1,991,420000,825899,6.5
D28,Thoothukudi,1750176,4707,372,86.2,1023,850000,900176,8.2
D29,Tiruchirappalli,2722290,4404,618,83.2,1013,1500000,1222290,10.4
D30,Tirunelveli,3077233,6823,451,82.5,1023,1450000,1627233,8.3
D31,Tirupathur,1118123,1792,624,78.5,1008,480000,638123,7.6
D32,Tiruppur,2479052,5187,478,78.7,989,1550000,929052,16.5
D33,Tiruvallur,3728104,3394,1099,84.0,987,2500000,1228104,17.2
D34,Tiruvannamalai,2464875,6191,398,74.2,995,780000,1684875,8.4
D35,Tiruvarur,1264277,2161,585,82.9,1017,430000,834277,6.2
D36,Vellore,3936331,6077,648,79.2,1007,2100000,1836331,12.6
D37,Viluppuram,2093003,3725,562,72.1,987,760000,1333003,8.1
D38,Virudhunagar,1943309,4243,458,80.2,1007,820000,1123309,7.3
